myid:	1
FieldBoundary:	0.00302951
Mpi_Boundary:	0.0158859
Advection:	0.0846474
Reaction:	0.213744
Output:	0.0146889
Diagnalized:	0.188063
Update_IMEX:	0.0256737
FileBoundary:8.68269e-07 9.11186e-08 0.000401552 1.2202e-06 0.00159926 0.00159926 0.00102347
