myid:	7
FieldBoundary:	0.00244576
Mpi_Boundary:	0.0026072
Advection:	0.0712027
Reaction:	0.208647
Output:	0.020443
Diagnalized:	0.185326
Update_IMEX:	0.0233128
FileBoundary:7.31303e-07 0.00010092 3.17552e-07 0.000141875 0.00121524 0.00121524 0.000984687
