myid:	2
FieldBoundary:	0.00208075
Mpi_Boundary:	0.00322543
Advection:	0.0848235
Reaction:	0.197753
Output:	0.0201907
Diagnalized:	0.173432
Update_IMEX:	0.0243128
FileBoundary:5.58408e-07 7.60228e-08 0.000249127 1.33208e-07 0.00105641 0.00105641 0.000773621
