myid:	4
FieldBoundary:	0.0030616
Mpi_Boundary:	0.0163896
Advection:	0.0729762
Reaction:	0.199052
Output:	0.0141533
Diagnalized:	0.172845
Update_IMEX:	0.0261965
FileBoundary:0.000107644 1.00957e-06 1.77616e-07 0.000199965 0.00167342 0.00167342 0.00107686
