myid:	2
FieldBoundary:	0.00265941
Mpi_Boundary:	0.0116912
Advection:	0.0720625
Reaction:	0.201032
Output:	0.0192539
Diagnalized:	0.174418
Update_IMEX:	0.0266029
FileBoundary:1.00891e-06 1.67712e-07 0.000347009 9.76559e-07 0.00136236 0.00136236 0.000945737
