myid:	6
FieldBoundary:	0.00252701
Mpi_Boundary:	0.0169659
Advection:	0.0742883
Reaction:	0.217957
Output:	0.0141114
Diagnalized:	0.195999
Update_IMEX:	0.0219492
FileBoundary:5.83027e-07 2.3572e-07 4.76723e-07 0.000218888 0.00137467 0.00137467 0.000930383
