myid:	7
FieldBoundary:	0.00267341
Mpi_Boundary:	0.00253442
Advection:	0.0839325
Reaction:	0.204811
Output:	0.0283976
Diagnalized:	0.18337
Update_IMEX:	0.021433
FileBoundary:7.91677e-07 0.000113088 4.04752e-07 0.000127691 0.00139456 0.00139456 0.00103368
