myid:	0
FieldBoundary:	0.00294569
Mpi_Boundary:	0.0118366
Advection:	0.0854721
Reaction:	0.209352
Output:	0.0188208
Diagnalized:	0.185059
Update_IMEX:	0.0242847
FileBoundary:4.91743e-05 2.23835e-07 0.00042946 9.69291e-07 0.00145564 0.00145564 0.00100794
