myid:	3
FieldBoundary:	0.0028916
Mpi_Boundary:	0.012035
Advection:	0.0872625
Reaction:	0.210735
Output:	0.0186781
Diagnalized:	0.186619
Update_IMEX:	0.0241098
FileBoundary:7.19045e-07 0.000140411 0.000329226 1.06173e-06 0.0014301 0.0014301 0.000986483
