myid:	1
FileReader:	0.00142306
Mpi_Initial:	3.35829e-07
MeshProcess:	0.000352927
InputRead:	0.000611278
ReactionRead:	0.00148709
FieldInitial:	0.00178336
MPI_Barrier:	0.00145337
Computing:	0.0237538
Output:	0.00100056
