myid:	3
FileReader:	0.00136289
Mpi_Initial:	3.68065e-07
MeshProcess:	0.000352987
InputRead:	0.000647459
ReactionRead:	0.00143569
FieldInitial:	0.00186344
MPI_Barrier:	0.00138851
Computing:	0.0237906
Output:	0.000978545
