myid:	0
FileReader:	0.00158511
Mpi_Initial:	6.15237e-07
MeshProcess:	5.63352e-05
InputRead:	0.000567758
ReactionRead:	0.00149425
FieldInitial:	0.00181652
MPI_Barrier:	0.00140723
Computing:	0.0240382
Output:	0.000910435
