myid:	5
FileReader:	0.000149995
Mpi_Initial:	1.25453e-07
MeshProcess:	4.69004e-05
InputRead:	0.000407853
ReactionRead:	0.012726
FieldInitial:	0.0371113
MPI_Barrier:	0.000107691
Computing:	0.34859
Output:	0.0138218
