myid:	2
FileReader:	0.000146013
Mpi_Initial:	1.72994e-07
MeshProcess:	4.7714e-05
InputRead:	0.00048995
ReactionRead:	0.0133839
FieldInitial:	0.0326705
MPI_Barrier:	0.00343758
Computing:	0.348585
Output:	0.0155898
