myid:	1
FileReader:	0.000279474
Mpi_Initial:	3.38724e-07
MeshProcess:	4.77667e-05
InputRead:	0.000452605
ReactionRead:	0.0136014
FieldInitial:	0.03287
MPI_Barrier:	0.00465281
Computing:	0.348551
Output:	0.0158407
