myid:	3
FileReader:	0.000228704
Mpi_Initial:	2.1261e-07
MeshProcess:	7.13182e-05
InputRead:	0.000545788
ReactionRead:	0.0130681
FieldInitial:	0.0320149
MPI_Barrier:	0.0047214
Computing:	0.348516
Output:	0.013822
