myid:	7
FileReader:	0.000160855
Mpi_Initial:	1.42621e-07
MeshProcess:	5.79832e-05
InputRead:	0.000509472
ReactionRead:	0.0117251
FieldInitial:	0.0362993
MPI_Barrier:	0.00166711
Computing:	0.348643
Output:	0.0135948
