myid:	6
FileReader:	0.000251108
Mpi_Initial:	4.17958e-07
MeshProcess:	4.32319e-05
InputRead:	0.000456957
ReactionRead:	0.0118906
FieldInitial:	0.0361178
MPI_Barrier:	0.00311641
Computing:	0.348669
Output:	0.0195781
