myid:	0
FileReader:	0.00045176
Mpi_Initial:	4.45689e-07
MeshProcess:	0.000140169
InputRead:	0.000968775
ReactionRead:	0.010765
FieldInitial:	0.0301504
MPI_Barrier:	0.00236177
Computing:	0.348841
Output:	0.0149476
