myid:	4
FileReader:	0.000131618
Mpi_Initial:	5.87647e-08
MeshProcess:	3.59199e-05
InputRead:	0.000493921
ReactionRead:	0.0133987
FieldInitial:	0.0335004
MPI_Barrier:	0.00276491
Computing:	0.348649
Output:	0.0174752
